2.332341596860885947e-04
2.534481507600987171e-04
2.529127312687939931e-04
2.254606798806221509e-04
2.242182584809108428e-04
2.196291847210022144e-04
2.155299054407751747e-04
2.065078292274886019e-04
2.308020390735432328e-04
2.285703030158685160e-04
2.165192365499147523e-04
2.180959605361299013e-04
2.059879880046232151e-04
2.002782225708320133e-04
2.019840070322567716e-04
1.877948699391802337e-04
1.752148387296948882e-04
1.701104324618544497e-04
1.688494917736021420e-04
1.682236326686032757e-04
1.655494613252253046e-04
1.698237263632487270e-04
1.692281685232320716e-04
1.654712973766468958e-04
1.634602274284144903e-04
1.568306562433733372e-04
1.526340977661895288e-04
1.538315971730446548e-04
1.515764668462868349e-04
1.500783222315695475e-04
1.417730773090193066e-04
1.297867038840998309e-04
